NeuroNet 4
Percs
3 20 20 1
amount_tests 23 3
0.196 0.407 0.592 -1.74015e-310
0.29 0.661 0.079 1.97226
0.343 0.281 0.093 1.03056
0.127 0.075 0.205 -3.8031e-270
0.021 0.834 0.015 1.73445
0.263 0.736 0.859 -3.80968e-270
0.151 0.004 0.212 0.435965
0.364 0.099 0.66 -3.79022e-270
0.287 0.18 0.227 0.708023
0.441 0.943 0.49 -3.802e-270
0.015 0.364 0.552 -3.8087e-270
0.489 0.05 0.952 -3.79426e-270
0.005 0.399 0.035 1.56472
0.081 0.032 0.244 0.270608
0.337 0.223 0.638 -0.530412
0.035 0.518 0.917 -1.57857
0.395 0.081 0.595 -0.275618
0.282 0.726 0.982 -3.78877e-270
0.134 0.322 0.012 1.32082
0.287 0.541 0.264 1.79768
0.276 0.665 0.958 -3.802e-270
0.501 0.277 0.732 -0.796992
0.189 0.56 0.27 1.78497
0.027 0.821 0.685 -3.07706
0.35 0.648 0.68 -1.63744e-260
0.263 0.395 0.21 -3.8087e-270
0.271 0.577 0.208 -3.79767e-270
0.05 0.719 0.894 -3.80425e-270
0.105 0.265 0.488 -3.80685e-270
0.174 0.754 0.619 -2.81205
0.209 0.777 0.569 -2.90909
0.229 0.506 0.962 -3.8031e-270
0.412 0.187 0.199 0.770844
0.261 0.136 0.239 0.616139
0.314 0.8 0.438 2.88032
0.241 0.825 0.271 2.54685
0.048 0.004 0.282 0.129382
0.345 0.209 0.06 -3.80425e-270
0.102 0.01 0.607 -0.123179
0.346 0.974 0.678 -2.73244
0.286 0.353 0.727 -3.79426e-270
0.434 0.321 0.441 -3.80986e-270
0.292 0.082 0.706 -3.8087e-270
0.506 0.894 0.493 -3.80425e-270
0.015 0.951 0.206 -3.802e-270
0.554 0.549 0.069 1.70614
0.153 0.239 0.39 0.266776
0.223 0.684 0.549 -6.99715e-251
0.485 0.531 0.87 -3.80425e-270
0.514 0.99 0.925 -2.41089
0.392 0.88 0.49 3.10697
0.511 0.485 0.826 -1.74015e-310
0.357 0.203 0.971 -0.973731
0.24 0.556 0.729 -1.83293
0.219 0.942 0.665 -3.79299e-270
0.445 0.159 0.201 -3.79426e-270
0.499 0.204 0.903 -0.899059
0.231 0.068 0.827 -3.79022e-270
0.368 0.421 0.631 -0.926675
0.248 0.588 0.654 -2.07022
0.08 0.334 0.246 1.37106
0.427 0.283 0.561 -6.99683e-251
0.36 0.837 0.95 -3.79666e-270
0.332 0.46 0.774 -1.3697
0.439 0.502 0.217 1.58119
0.348 0.193 0.366 0.485725
0.132 0.654 0.434 2.96116
0.007 0.648 0.701 -1.58354
0.134 0.631 0.131 -3.80425e-270
0.561 0.103 0.012 0.86943
0.201 0.028 0.127 0.644701
0.449 0.836 0.482 -3.8087e-270
0.498 0.835 0.516 -3.0781
0.141 0.084 0.702 -7.02582e-251
0.033 0.661 0.136 1.63747
0.259 0.369 0.261 -3.79022e-270
0.304 0.558 0.853 -1.7717
0.36 0.595 0.284 2.09168
0.088 0.455 0.938 -7.0036e-251
0.29 0.202 0.259 -3.80604e-270
0.141 0.669 0.965 -3.79316e-270
0.292 0.487 0.251 -3.79316e-270
0.429 0.856 0.919 -2.29405
0.325 0.374 0.928 -1.23619
0.421 0.285 0.398 -3.79767e-270
0.485 0.308 0.085 -7.01729e-251
0.039 0.11 0.624 -0.0604095
0.119 0.774 0.643 -2.88883
0.235 0.663 0.575 -3.80763e-270
0.229 0.25 0.406 -3.79576e-270
0.244 0.184 0.011 1.00881
0.282 0.526 0.136 -3.8031e-270
0.279 0.746 0.614 -2.66931
0.315 0.754 0.231 -3.80425e-270
0.223 0.672 0.48 -3.80986e-270
0.423 0.201 0.919 -3.79022e-270
0.283 0.234 0.841 -7.01132e-251
0.451 0.098 0.678 -3.80986e-270
0.449 0.28 0.052 -3.80763e-270
0.149 0.622 0.861 -3.80408e-270
0.459 0.265 0.521 -3.80604e-270
0.385 0.05 0.059 -3.79767e-270
0.386 0.074 0.683 -0.467599
0.365 0.086 0.262 -3.80085e-270
0.52 0.109 0.12 -3.80968e-270
0.268 0.743 0.625 -7.00195e-251
0.311 0.794 0.456 2.94652
0.236 0.252 0.591 -0.357348
0.559 0.346 0.961 -3.80425e-270
0.285 0.314 0.575 -0.450438
0.47 0.16 0.537 -0.144549
0.085 0.697 0.954 -1.76965
0.374 0.657 0.177 -3.80085e-270
0.146 0.488 0.526 -7.01548e-251
0.158 0.411 0.404 1.19342
0.493 0.046 0.665 -3.80085e-270
0.013 0.247 0.996 -1.52362
0.462 0.186 0.695 -0.622339
0.392 0.981 0.282 2.6613
0.324 0.838 0.142 2.33022
0.272 0.786 0.627 -2.693
0.278 0.329 0.71 -0.887546
0.209 0.991 0.036 -7.03008e-251
0.241 0.503 0.287 -6.99433e-251
0.316 0.971 0.19 -3.8031e-270
0.041 0.711 0.301 -3.81483e-270
0.213 0.327 0.154 1.14609
0.333 0.93 0.747 -3.79299e-270
0.417 0.181 0.943 -3.79426e-270
0.273 0.324 0.932 -1.15893
0.287 0.506 0.113 -3.80425e-270
0.285 0.265 0.862 -0.985841
0.488 0.832 0.287 2.51162
0.233 0.978 0.971 -2.36434
0.257 0.784 0.792 -3.79998e-270
0.339 0.189 0.695 -7.01729e-251
0.163 0.035 0.161 0.572785
0.426 0.423 0.687 -1.0359
0.36 0.344 0.494 0.08753
0.026 0.202 0.258 0.0998279
0.069 0.009 0.335 0.131882
0.097 0.66 0.511 -3.8031e-270
0.309 0.303 0.927 -3.802e-270
0.1 0.087 0.685 -3.79576e-270
0.247 0.485 0.259 -3.79316e-270
0.321 0.435 0.241 -6.99683e-251
0.277 0.824 0.739 -3.79576e-270
0.346 0.921 0.848 -2.43878
0.403 0.782 0.073 2.19747
0.455 0.037 0.522 -3.79299e-270
0.021 0.155 0.304 -1.63744e-260
0.461 0.949 0.663 -2.73365
0.045 0.629 0.748 -1.64986
0.302 0.907 0.059 -3.80685e-270
0.135 0.181 0.712 -0.420969
0.372 0.379 0.976 -1.27457
0.16 0.267 0.547 -3.8031e-270
0.332 0.218 0.107 0.928044
0.157 0.442 0.136 1.44985
0.137 0.688 0.991 -1.83668
0.34 0.604 0.231 2.02455
0.568 0.095 0.363 0.37589
0.31 0.705 0.95 -7.02091e-251
0.348 0.18 0.612 -3.80968e-270
0.547 0.119 0.331 0.476799
0.145 0.057 0.711 -3.80408e-270
0.167 0.428 0.231 -3.802e-270
0.322 0.203 0.878 -3.80085e-270
0.091 0.086 0.116 0.704213
0.053 0.28 0.746 -1.3645
0.15 0.905 0.27 -3.79316e-270
0.295 0.25 0.838 -0.925824
0.139 0.301 0.758 -1.07964
0.184 0.124 0.698 -3.80425e-270
0.287 0.151 0.07 0.887003
0.067 0.613 0.199 1.67457
0.089 0.922 0.259 -3.80968e-270
0.319 0.709 0.985 -2.01799
0.124 0.37 0.116 1.36801
0.013 0.163 0.363 -3.80085e-270
0.614 0.017 0.045 0.758638
0.051 0.547 0.421 -7.02763e-251
0.319 0.723 0.863 -2.1516
0.2 0.618 0.891 -3.79576e-270
0.157 0.187 0.983 -3.79767e-270
0.383 0.143 0.279 0.60665
0.333 0.287 0.193 0.935672
0.148 0.201 0.434 -1.74015e-310
0.178 0.572 0.583 -1.96778
0.165 0.114 0.613 -7.02795e-251
0.177 0.194 0.154 -3.79022e-270
0.188 0.561 0.999 -3.79767e-270
0.203 0.545 0.4 -7.01345e-251
0.109 0.312 0.393 -6.99715e-251
0.484 0.578 0.048 1.77856
0.128 0.867 0.079 2.24112
0.393 0.173 0.426 -3.79426e-270
0.178 0.201 0.222 0.729278
0.168 0.53 0.808 -3.80085e-270
0.413 0.639 0.811 -2.0776
0.455 0.826 0.101 -6.98905e-251
0.098 0.532 0.904 -6.99683e-251
0.221 0.213 0.874 -0.939958
0.012 0.699 0.488 -3.8031e-270
0.027 0.346 0.561 -0.0221405
0.414 0.214 0.773 -0.76857
0.281 0.58 0.655 -2.08919
0.02 0.964 0.526 -3.13531
0.42 0.816 0.128 -1.63744e-260
0.318 0.321 0.688 -0.806298
0.128 0.19 0.48 0.0380397
0.405 0.31 0.642 -0.696221
0.371 0.843 0.734 -3.8031e-270
0.352 0.269 0.22 -7.01729e-251
0.293 0.273 0.795 -3.80604e-270
0.171 0.492 0.654 -3.8031e-270
0.466 0.229 0.058 0.970366
0.021 0.548 0.873 -1.58326
0.095 0.036 0.294 -3.802e-270
0.136 0.619 0.493 -3.80604e-270
0.25 0.741 0.615 -2.69179
0.451 0.529 0.984 -1.64412
0.261 0.35 0.176 -3.802e-270
0.427 0.464 0.854 -1.43551
0.265 0.974 0.229 2.61952
0.336 0.423 0.196 1.25226
0.21 0.319 0.672 -3.79316e-270
0.258 0.965 0.782 -2.59994
0.253 0.335 0.834 -3.79998e-270
0.312 0.854 0.145 -3.80685e-270
0.076 0.098 0.833 -3.80685e-270
0.115 0.906 0.686 -2.88309
0.461 0.999 0.469 -3.80986e-270
0.131 0.188 0.384 0.215893
0.229 0.397 0.848 -6.99683e-251
0.279 0.993 0.062 -3.81101e-270
0.307 0.086 0.525 -7.01729e-251
0.421 0.897 0.435 -3.80604e-270
0.294 0.559 0.917 -3.80408e-270
0.436 0.706 0.1 -3.79316e-270
0.368 0.077 0.16 0.694604
0.444 0.643 0.221 -3.80763e-270
0.361 0.188 0.635 -0.486008
0.409 0.923 0.607 -2.83776
0.448 0.989 0.703 -3.79299e-270
0.357 0.578 0.217 -3.80968e-270
0.48 0.234 0.356 -3.802e-270
0.253 0.609 0.296 2.05841
0.086 0.806 0.914 -3.80425e-270
0.524 0.372 0.119 -3.79316e-270
0.226 0.689 0.2 2.09704
0.328 0.791 0.928 -3.79299e-270
0.193 0.211 0.591 -0.266481
0.274 0.875 0.115 -3.79767e-270
0.021 0.154 0.286 -3.802e-270
0.529 0.936 0.674 -3.80085e-270
0.024 0.783 0.774 -3.0101
0.177 0.052 0.693 -0.344688
0.231 0.265 0.144 1.01293
0.35 0.603 0.016 -3.80085e-270
0.096 0.65 0.913 -1.74693
0.333 0.324 0.787 -3.79022e-270
0.395 0.653 0.796 -3.80604e-270
0.175 0.671 0.292 2.15798
0.172 0.898 0.817 -3.802e-270
0.458 0.903 0.775 -3.79767e-270
0.027 0.806 0.58 -3.11408
0.131 0.782 0.119 -1.74015e-310
0.522 0.616 0.764 -2.07711
0.018 0.95 0.44 -3.802e-270
0.21 0.239 0.004 1.11897
0.434 0.713 0.336 -3.79022e-270
0.004 0.622 0.067 -3.79666e-270
0.393 0.125 0.093 0.818556
0.091 0.795 0.443 -3.8087e-270
0.174 0.517 0.381 1.6615
0.161 0.253 0.214 -3.80968e-270
0.191 0.143 0.746 -0.545097
0.374 0.293 0.059 1.07563
0.544 0.861 0.241 -3.8031e-270
0.076 0.376 0.187 -3.80604e-270
0.212 0.757 0.264 -3.8031e-270
0.094 0.687 0.209 -3.80685e-270
0.165 0.935 0.745 -3.80085e-270
0.435 0.794 0.879 -3.80685e-270
0.459 0.308 0.976 -1.13023
0.462 0.912 0.905 -2.36257
0.424 0.918 0.61 -3.8031e-270
0.374 0.379 0.653 -3.80685e-270
0.02 0.872 0.908 -1.93
0.36 0.143 0.877 -0.808497
0.025 0.693 0.195 -3.79022e-270
0.436 0.943 0.909 -2.38716
0.119 0.217 0.871 -3.80425e-270
0.218 0.758 0.638 -2.69751
0.494 0.103 0.821 -3.79426e-270
0.335 0.269 0.713 -1.74015e-310
0.122 0.254 0.84 -3.80408e-270
0.092 0.277 0.843 -3.81483e-270
0.287 0.139 0.938 -3.80408e-270
0.177 0.722 0.067 1.97222
0.318 0.683 0.79 -2.16625
0.319 0.218 0.528 -3.79022e-270
0.031 0.695 0.849 -1.64985
0.079 0.117 0.926 -0.91004
0.293 0.766 0.674 -2.54558
0.211 0.122 0.427 -3.79426e-270
0.405 0.235 0.958 -0.996299
0.397 0.803 0.115 -3.802e-270
0.106 0.55 0.565 -1.69215
0.269 0.859 0.816 -2.42174
0.195 0.125 0.841 -3.80408e-270
0.039 0.186 0.929 -1.30911
0.131 0.723 0.731 -7.02795e-251
0.289 0.51 0.319 -3.80968e-270
0.255 0.906 0.569 -3.79022e-270
0.255 0.354 0.8 -3.80425e-270
0.474 0.365 0.006 1.25704
0.115 0.876 0.011 2.14225
0.339 0.752 0.309 -3.80685e-270
0.176 0.787 0.893 -3.79022e-270
0.187 0.977 0.977 -2.35619
0.121 0.5 0.598 -1.57082
0.274 0.007 0.294 0.417747
0.327 0.088 0.146 -1.63744e-260
0.108 0.758 0.685 -3.80986e-270
0.116 0.167 0.338 0.252721
0.163 0.597 0.97 -1.73931
0.044 0.594 0.314 1.62929
0.218 0.978 0.552 -3.03177
0.031 0.97 0.229 3.01099
0.061 0.602 0.604 -1.67168
0.486 0.206 0.179 -3.8031e-270
0.077 0.274 0.499 0.00118099
0.145 0.718 0.926 -3.80763e-270
0.046 0.727 0.28 -3.8031e-270
0.274 0.771 0.816 -2.27837
0.36 0.393 0.872 -1.22646
0.055 0.817 0.44 -3.79163e-270
0.058 0.947 0.351 -3.79998e-270
0.229 0.27 0.239 -3.80685e-270
0.074 0.271 0.448 -3.80604e-270
0.213 0.016 0.67 -0.325322
0.117 0.639 0.898 -1.77143
0.3 0.74 0.268 -3.80408e-270
0.271 0.167 0.52 -0.0721275
0.126 0.752 0.548 -3.79426e-270
0.3 0.736 0.264 -3.8031e-270
0.006 0.553 0.865 -3.8087e-270
0.154 0.699 0.508 -3.11639
0.285 0.673 0.209 -3.80408e-270
0.559 0.828 0.677 -2.58626
0.359 0.463 0.974 -3.80408e-270
0.131 0.424 0.767 -7.02241e-251
0.458 0.951 0.882 -2.41848
0.65 0.723 0.238 2.28524
0.295 0.407 0.962 -1.34215
0.282 0.896 0.085 2.33282
0.195 0.444 0.859 -1.42756
0.509 0.909 0.772 -3.79576e-270
0.308 0.509 0.347 -3.79316e-270
0.356 0.5 0.611 -1.57083
0.292 0.283 0.902 -3.80408e-270
0.32 0.098 0.961 -0.848631
0.026 0.552 0.923 -1.74015e-310
0.534 0.407 0.196 -3.80604e-270
0.011 0.059 0.604 -0.0138234
0.459 0.278 0.436 -3.80408e-270
0.261 0.865 0.837 -3.8031e-270
0.126 0.936 0.033 -3.80968e-270
0.248 0.675 0.666 -2.38827
0.08 0.524 0.883 -3.80604e-270
0.16 0.748 0.76 -2.3106
0.282 0.213 0.225 0.764108
0.475 0.355 0.035 -3.80408e-270
0.041 0.868 0.36 -3.81483e-270
0.154 0.141 0.806 -0.657212
0.046 0.604 0.224 -3.80763e-270
0.251 0.879 0.568 -2.9459
0.247 0.329 0.309 -3.80085e-270
0.07 0.664 0.755 -1.74015e-310
0.163 0.392 0.623 -3.80085e-270
0.278 0.569 0.52 -2.69628
0.317 0.186 0.936 -0.932476
0.162 0.704 0.273 -3.79767e-270
0.102 0.253 0.548 -3.79998e-270
0.062 0.704 0.986 -3.80425e-270
0.424 0.601 0.106 -3.80085e-270
0.444 0.002 0.364 0.314811
0.125 0.762 0.68 -2.77269
0.265 0.254 0.873 -3.79666e-270
0.022 0.285 0.244 -3.79022e-270
0.158 0.82 0.381 -1.63744e-260
0.045 0.917 0.913 -3.80085e-270
0.357 0.865 0.055 -3.79767e-270
0.266 0.124 0.583 -0.24493
0.348 0.013 0.409 0.22025
0.021 0.466 0.203 1.56179
0.257 0.788 0.22 -3.802e-270
0.552 0.028 0.864 -3.79426e-270
0.164 0.435 0.003 -3.79299e-270
0.244 0.8 0.646 -1.74015e-310
0.5 0.108 0.404 -3.81483e-270
0.611 0.746 0.848 -2.214
0.295 0.59 0.027 -3.80408e-270
0.242 0.481 0.658 -3.8031e-270
0.394 0.187 0.694 -3.79299e-270
0.188 0.258 0.39 -3.79666e-270
0.385 0.019 0.575 -0.188164
0.287 0.446 0.734 -1.28057
0.071 0.406 0.551 -3.79426e-270
0.331 0.248 0.094 0.983927
0.176 0.351 0.133 -1.74015e-310
0.278 0.503 0.27 -3.80085e-270
0.203 0.306 0.442 0.257499
0.264 0.045 0.709 -3.80604e-270
0.323 0.815 0.301 -3.78877e-270
0.281 0.937 0.53 -3.06176
0.405 0.394 0.063 -3.80986e-270
0.181 0.159 0.016 -7.01345e-251
0.382 0.458 0.801 -3.79426e-270
0.412 0.915 0.1 -3.80968e-270
0.28 0.764 0.081 -7.02384e-251
0.137 0.275 0.282 -3.80425e-270
0.228 0.836 0.66 -2.71607
0.217 0.485 0.723 -7.01548e-251
0.003 0.751 0.307 3.13444
0.26 0.426 0.781 -3.802e-270
0.148 0.815 0.025 -7.01132e-251
0.234 0.335 0.572 -3.8087e-270
0.583 0.301 0.9 -3.80763e-270
0.316 0.683 0.233 2.1972
0.429 0.424 0.022 1.37854
0.204 0.922 0.116 -1.74015e-310
0.341 0.359 0.773 -3.802e-270
0.353 0.419 0.578 -0.774661
0.462 0.411 0.714 -1.04979
0.497 0.561 0.015 1.72099
0.096 0.632 0.866 -1.73553
0.372 0.568 0.463 2.47346
0.113 0.601 0.079 1.70975
0.492 0.839 0.983 -3.79316e-270
0.39 0.859 0.426 2.87908
0.313 0.692 0.485 -1.74015e-310
0.532 0.047 0.618 -0.298812
0.194 0.108 0.771 -0.555593
0.132 0.214 0.391 0.215306
0.241 0.32 0.359 -3.79666e-270
0.16 0.914 0.353 2.87322
0.132 0.466 0.182 1.50509
0.149 0.153 0.053 -7.01345e-251
0.484 0.698 0.215 -7.02763e-251
0.104 0.033 0.323 -3.79666e-270
0.209 0.158 0.879 -3.802e-270
0.251 0.653 0.434 -3.79767e-270
0.397 0.152 0.101 -3.80986e-270
0.212 0.422 0.437 -3.79767e-270
0.088 0.162 0.984 -1.12084
0.118 0.628 0.041 1.74323
0.414 0.04 0.283 0.498981
0.482 0.989 0.607 -3.8031e-270
0.285 0.287 0.39 0.514468
0.518 0.45 0.726 -3.802e-270
0.303 0.411 0.407 -3.80685e-270
0.579 0.211 0.537 -3.79666e-270
0.499 0.299 0.965 -1.10749
0.082 0.988 0.841 -3.80685e-270
0.225 0.703 0.613 -1.74015e-310
0.393 0.99 0.946 -3.80408e-270
0.331 0.306 0.793 -3.79666e-270
0.019 0.389 0.938 -1.5452
0.318 0.422 0.033 1.37497
0.259 0.575 0.982 -1.7404
0.198 0.076 0.749 -7.01548e-251
0.192 0.441 0.539 -3.78877e-270
0.088 0.774 0.295 -3.80408e-270
0.263 0.418 0.219 1.25007
0.269 0.094 0.674 -3.80408e-270
0.551 0.883 0.318 2.64066
0.149 0.046 0.398 -3.80604e-270
0.255 0.667 0.426 2.70214
0.274 0.194 0.912 -0.93237
0.173 0.549 0.21 -3.80408e-270
0.635 0.69 0.971 -1.9848
0.551 0.223 0.941 -0.969073
0.182 0.913 0.075 2.33752
0.199 0.508 0.429 1.6586
0.203 0.442 0.007 -3.80408e-270
0.498 0.323 0.86 -1.04438
0.546 0.897 0.874 -3.79767e-270
0.01 0.243 0.571 -0.00876991
0.023 0.026 0.762 -0.0902949
0.501 0.014 0.106 -3.8031e-270
0.349 0.814 0.409 -3.80763e-270
0.303 0.508 0.076 -3.8031e-270
0.338 0.546 0.93 -3.79426e-270
0.621 0.504 0.952 -3.80968e-270
0.062 0.934 0.098 -3.79426e-270
0.139 0.314 0.61 -7.00972e-251
0.648 0.778 0.917 -2.17749
0.437 0.063 0.132 0.720038
0.303 0.588 0.017 -3.80425e-270
0.407 0.842 0.451 2.95106
0.01 0.737 0.652 -3.12278
0.318 0.518 0.821 -1.6448
0.542 0.941 0.31 -3.80604e-270
0.288 0.018 0.553 -0.126216
0.54 0.011 0.048 -3.80604e-270
0.352 0.338 0.022 -7.01729e-251
0.234 0.102 0.463 -3.81101e-270
0.275 0.719 0.777 -3.80408e-270
0.155 0.365 0.136 1.30649
0.2 0.958 0.427 2.99051
0.099 0.36 0.192 1.37754
0.106 0.702 0.086 1.833
0.439 0.737 0.746 -2.34391
0.33 0.548 0.063 -3.80685e-270
0.071 0.371 0.2 -3.79767e-270
0.294 0.275 0.813 -0.937863
0.102 0.773 0.413 3.0082
0.533 0.101 0.321 0.48084
0.359 0.787 0.847 -3.79666e-270
0.136 0.05 0.23 -7.01729e-251
0.208 0.431 0.537 -0.352147
0.166 0.107 0.905 -6.99715e-251
0.042 0.535 0.633 -3.80425e-270
0.4 0.097 0.268 -3.80408e-270
0.036 0.585 0.773 -3.79022e-270
0.318 0.158 0.909 -3.8087e-270
0.128 0.688 0.558 -3.00092

